### ABLATIONS #############################################

################### Qwen3 #################################



all groups:

| Method   |       ECE |        ASCE |      MSE |   brier_ref |   skill_score |   accuracy | GASCE                                                                    |
|----------+-----------+-------------+----------+-------------+---------------+------------+--------------------------------------------------------------------------|
| Uncalib  | 0.294939  | 0.0964082   | 0.296219 |    0.238232 |    -0.243406  |   0.612933 | [0.052 0.119 0.261 0.109 0.149 0.156 0.13  0.196 0.017 0.124 0.292 0.117 |
|          |           |             |          |             |               |            |  0.35  0.091 0.099 0.033 0.44  0.087 0.067 0.035 0.164 0.061 0.02  0.119 |
|          |           |             |          |             |               |            |  0.092 0.145 0.225 0.032 0.064 0.212 0.165 0.034 0.556 0.23  0.101 0.077 |
|          |           |             |          |             |               |            |  0.027 0.044 0.147 0.169]                                                |
| Platt    | 0.0342784 | 0.00187467  | 0.200098 |    0.238232 |     0.160069  |   0.698922 | [0.005 0.006 0.047 0.003 0.006 0.006 0.039 0.03  0.057 0.023 0.061 0.017 |
|          |           |             |          |             |               |            |  0.116 0.012 0.018 0.022 0.192 0.049 0.05  0.058 0.033 0.029 0.071 0.031 |
|          |           |             |          |             |               |            |  0.035 0.011 0.044 0.036 0.051 0.064 0.036 0.085 0.25  0.079 0.025 0.026 |
|          |           |             |          |             |               |            |  0.039 0.022 0.038 0.08 ]                                                |
| HB       | 0.0220947 | 0.000622425 | 0.200119 |    0.238232 |     0.159981  |   0.703843 | [0.006 0.001 0.034 0.001 0.003 0.003 0.027 0.025 0.061 0.008 0.042 0.014 |
|          |           |             |          |             |               |            |  0.088 0.011 0.016 0.016 0.173 0.019 0.021 0.041 0.037 0.029 0.066 0.034 |
|          |           |             |          |             |               |            |  0.02  0.015 0.035 0.033 0.029 0.041 0.024 0.073 0.223 0.054 0.014 0.013 |
|          |           |             |          |             |               |            |  0.031 0.017 0.013 0.058]                                                |
| LR       | 0.0467784 | 0.00285739  | 0.167378 |    0.238232 |     0.297414  |   0.763121 | [0.003 0.011 0.008 0.004 0.007 0.006 0.026 0.024 0.032 0.051 0.048 0.022 |
|          |           |             |          |             |               |            |  0.011 0.018 0.029 0.018 0.017 0.021 0.041 0.021 0.029 0.033 0.024 0.032 |
|          |           |             |          |             |               |            |  0.031 0.038 0.028 0.025 0.037 0.035 0.032 0.037 0.037 0.016 0.021 0.023 |
|          |           |             |          |             |               |            |  0.017 0.017 0.038 0.106]                                                |
| LOGR     | 0.229147  | 0.052521    | 0.229147 |    0.238232 |     0.0381334 |   0.770853 | [0.045 0.074 0.061 0.048 0.05  0.07  0.017 0.026 0.02  0.063 0.16  0.062 |
|          |           |             |          |             |               |            |  0.115 0.062 0.023 0.039 0.105 0.051 0.024 0.046 0.019 0.028 0.014 0.014 |
|          |           |             |          |             |               |            |  0.054 0.052 0.083 0.026 0.076 0.062 0.106 0.114 0.036 0.14  0.064 0.17  |
|          |           |             |          |             |               |            |  0.039 0.071 0.023 0.123]                                                |
| IGHB     | 0.190722  | 0.0547316   | 0.267375 |    0.238232 |    -0.122333  |   0.612933 | [0.03  0.082 0.164 0.067 0.072 0.086 0.086 0.137 0.031 0.082 0.202 0.095 |
|          |           |             |          |             |               |            |  0.267 0.046 0.061 0.071 0.43  0.067 0.077 0.065 0.1   0.081 0.055 0.07  |
|          |           |             |          |             |               |            |  0.076 0.103 0.185 0.049 0.035 0.157 0.122 0.038 0.323 0.138 0.069 0.034 |
|          |           |             |          |             |               |            |  0.042 0.02  0.086 0.118]                                                |
| IGLB     | 0.0343486 | 0.00198191  | 0.162622 |    0.238232 |     0.317381  |   0.767807 | [0.003 0.005 0.007 0.002 0.003 0.003 0.019 0.031 0.005 0.074 0.026 0.031 |
|          |           |             |          |             |               |            |  0.024 0.027 0.05  0.042 0.063 0.033 0.035 0.029 0.046 0.052 0.012 0.033 |
|          |           |             |          |             |               |            |  0.045 0.015 0.019 0.045 0.027 0.029 0.065 0.014 0.036 0.021 0.036 0.053 |
|          |           |             |          |             |               |            |  0.035 0.02  0.03  0.049]                                                |



'all': [-0.243406, 0.160069, 0.159981,  0.297414, 0.0381334, -0.122333, 0.317381]


lang=False, counter=false:
| Method   |       ECE |        ASCE |      MSE |   brier_ref |   skill_score |   accuracy | GASCE                                 |
|----------+-----------+-------------+----------+-------------+---------------+------------+---------------------------------------|
| Uncalib  | 0.294939  | 0.0964082   | 0.296219 |    0.238232 |     -0.243406 |   0.612933 | [0.052 0.119 0.261 0.109 0.149 0.156] |
| Platt    | 0.0342784 | 0.00187467  | 0.200098 |    0.238232 |      0.160069 |   0.698922 | [0.005 0.006 0.047 0.003 0.006 0.006] |
| HB       | 0.0220947 | 0.000622425 | 0.200119 |    0.238232 |      0.159981 |   0.703843 | [0.006 0.001 0.034 0.001 0.003 0.003] |
| LR       | 0.0290769 | 0.0016906   | 0.191364 |    0.238232 |      0.196731 |   0.717432 | [0.001 0.013 0.005 0.004 0.004 0.003] |
| LOGR     | 0.277882  | 0.0773124   | 0.277882 |    0.238232 |     -0.166435 |   0.722118 | [0.06  0.096 0.123 0.078 0.089 0.104] |
| IGHB     | 0.190722  | 0.0547316   | 0.267375 |    0.238232 |     -0.122333 |   0.612933 | [0.03  0.082 0.164 0.067 0.072 0.086] |
| IGLB     | 0.0333646 | 0.00187769  | 0.191641 |    0.238232 |      0.195569 |   0.711106 | [0.003 0.006 0.008 0.003 0.003 0.002] 

'length_compl': [-0.243406,  0.160069, 0.159981,  0.196731, -0.166435, -0.122333, 0.195569 ]



difficulty=false, counter=false
| Method   |       ECE |        ASCE |      MSE |   brier_ref |   skill_score |   accuracy | GASCE                                                                    |
|----------+-----------+-------------+----------+-------------+---------------+------------+--------------------------------------------------------------------------|
| Uncalib  | 0.294939  | 0.0964082   | 0.296219 |    0.238232 |    -0.243406  |   0.612933 | [0.109 0.149 0.156 0.13  0.196 0.017 0.124 0.292 0.117 0.35  0.091 0.099 |
|          |           |             |          |             |               |            |  0.033 0.44  0.087 0.067 0.035 0.164 0.061 0.02  0.119 0.092 0.145 0.225 |
|          |           |             |          |             |               |            |  0.032 0.064 0.212 0.165 0.034 0.556 0.23  0.101 0.077 0.027 0.044 0.147 |
|          |           |             |          |             |               |            |  0.169]                                                                  |
| Platt    | 0.0342784 | 0.00187467  | 0.200098 |    0.238232 |     0.160069  |   0.698922 | [0.003 0.006 0.006 0.039 0.03  0.057 0.023 0.061 0.017 0.116 0.012 0.018 |
|          |           |             |          |             |               |            |  0.022 0.192 0.049 0.05  0.058 0.033 0.029 0.071 0.031 0.035 0.011 0.044 |
|          |           |             |          |             |               |            |  0.036 0.051 0.064 0.036 0.085 0.25  0.079 0.025 0.026 0.039 0.022 0.038 |
|          |           |             |          |             |               |            |  0.08 ]                                                                  |
| HB       | 0.0220947 | 0.000622425 | 0.200119 |    0.238232 |     0.159981  |   0.703843 | [0.001 0.003 0.003 0.027 0.025 0.061 0.008 0.042 0.014 0.088 0.011 0.016 |
|          |           |             |          |             |               |            |  0.016 0.173 0.019 0.021 0.041 0.037 0.029 0.066 0.034 0.02  0.015 0.035 |
|          |           |             |          |             |               |            |  0.033 0.029 0.041 0.024 0.073 0.223 0.054 0.014 0.013 0.031 0.017 0.013 |
|          |           |             |          |             |               |            |  0.058]                                                                  |
| LR       | 0.0417526 | 0.00314679  | 0.172302 |    0.238232 |     0.276747  |   0.756795 | [0.005 0.007 0.007 0.029 0.026 0.01  0.049 0.04  0.014 0.018 0.017 0.03  |
|          |           |             |          |             |               |            |  0.024 0.016 0.016 0.045 0.024 0.025 0.05  0.024 0.036 0.037 0.038 0.029 |
|          |           |             |          |             |               |            |  0.046 0.018 0.039 0.045 0.039 0.034 0.031 0.03  0.026 0.034 0.015 0.047 |
|          |           |             |          |             |               |            |  0.122]                                                                  |
| LOGR     | 0.238754  | 0.0570059   | 0.238754 |    0.238232 |    -0.0021903 |   0.761246 | [0.053 0.053 0.078 0.02  0.038 0.02  0.095 0.147 0.062 0.113 0.078 0.033 |
|          |           |             |          |             |               |            |  0.042 0.105 0.072 0.034 0.039 0.016 0.028 0.013 0.012 0.062 0.049 0.096 |
|          |           |             |          |             |               |            |  0.026 0.097 0.055 0.121 0.127 0.026 0.15  0.067 0.099 0.041 0.058 0.03  |
|          |           |             |          |             |               |            |  0.23 ]                                                                  |
| IGHB     | 0.190722  | 0.0547316   | 0.267375 |    0.238232 |    -0.122333  |   0.612933 | [0.067 0.072 0.086 0.086 0.137 0.031 0.082 0.202 0.095 0.267 0.046 0.061 |
|          |           |             |          |             |               |            |  0.071 0.43  0.067 0.077 0.065 0.1   0.081 0.055 0.07  0.076 0.103 0.185 |
|          |           |             |          |             |               |            |  0.049 0.035 0.157 0.122 0.038 0.323 0.138 0.069 0.034 0.042 0.02  0.086 |
|          |           |             |          |             |               |            |  0.118]                                                                  |
| IGLB     | 0.0489808 | 0.00293309  | 0.17616  |    0.238232 |     0.260551  |   0.751172 | [0.004 0.006 0.004 0.016 0.026 0.009 0.066 0.058 0.027 0.038 0.014 0.034 |
|          |           |             |          |             |               |            |  0.04  0.047 0.031 0.06  0.015 0.031 0.043 0.077 0.037 0.023 0.029 0.015 |
|          |           |             |          |             |               |            |  0.032 0.046 0.047 0.092 0.07  0.02  0.017 0.042 0.027 0.028 0.018 0.04  |
|          |           |             |          |             |               |            |  0.061]                                                                  |


'length_lang': [-0.243406, 0.160069, 0.159981, 0.276747, -0.0021903, -0.122333, 0.260551]

length=False, counter=false
| Method   |       ECE |        ASCE |      MSE |   brier_ref |   skill_score |   accuracy | GASCE                                                                    |
|----------+-----------+-------------+----------+-------------+---------------+------------+--------------------------------------------------------------------------|
| Uncalib  | 0.294939  | 0.0964082   | 0.296219 |    0.238232 |   -0.243406   |   0.612933 | [0.052 0.119 0.261 0.13  0.196 0.017 0.124 0.292 0.117 0.35  0.091 0.099 |
|          |           |             |          |             |               |            |  0.033 0.44  0.087 0.067 0.035 0.164 0.061 0.02  0.119 0.092 0.145 0.225 |
|          |           |             |          |             |               |            |  0.032 0.064 0.212 0.165 0.034 0.556 0.23  0.101 0.077 0.027 0.044 0.147 |
|          |           |             |          |             |               |            |  0.169]                                                                  |
| Platt    | 0.0342784 | 0.00187467  | 0.200098 |    0.238232 |    0.160069   |   0.698922 | [0.005 0.006 0.047 0.039 0.03  0.057 0.023 0.061 0.017 0.116 0.012 0.018 |
|          |           |             |          |             |               |            |  0.022 0.192 0.049 0.05  0.058 0.033 0.029 0.071 0.031 0.035 0.011 0.044 |
|          |           |             |          |             |               |            |  0.036 0.051 0.064 0.036 0.085 0.25  0.079 0.025 0.026 0.039 0.022 0.038 |
|          |           |             |          |             |               |            |  0.08 ]                                                                  |
| HB       | 0.0220947 | 0.000622425 | 0.200119 |    0.238232 |    0.159981   |   0.703843 | [0.006 0.001 0.034 0.027 0.025 0.061 0.008 0.042 0.014 0.088 0.011 0.016 |
|          |           |             |          |             |               |            |  0.016 0.173 0.019 0.021 0.041 0.037 0.029 0.066 0.034 0.02  0.015 0.035 |
|          |           |             |          |             |               |            |  0.033 0.029 0.041 0.024 0.073 0.223 0.054 0.014 0.013 0.031 0.017 0.013 |
|          |           |             |          |             |               |            |  0.058]                                                                  |
| LR       | 0.0485708 | 0.00363273  | 0.169052 |    0.238232 |    0.290389   |   0.757732 | [0.004 0.01  0.011 0.037 0.055 0.029 0.053 0.035 0.014 0.023 0.019 0.016 |
|          |           |             |          |             |               |            |  0.018 0.012 0.025 0.028 0.02  0.043 0.027 0.016 0.031 0.018 0.019 0.023 |
|          |           |             |          |             |               |            |  0.023 0.044 0.056 0.023 0.044 0.035 0.015 0.032 0.031 0.022 0.022 0.047 |
|          |           |             |          |             |               |            |  0.108]                                                                  |
| LOGR     | 0.237113  | 0.0562252   | 0.237113 |    0.238232 |    0.00469423 |   0.762887 | [0.049 0.078 0.067 0.023 0.037 0.028 0.056 0.177 0.081 0.108 0.058 0.029 |
|          |           |             |          |             |               |            |  0.059 0.105 0.057 0.04  0.033 0.015 0.028 0.023 0.011 0.058 0.048 0.136 |
|          |           |             |          |             |               |            |  0.026 0.091 0.048 0.1   0.124 0.028 0.169 0.073 0.145 0.034 0.083 0.033 |
|          |           |             |          |             |               |            |  0.135]                                                                  |
| IGHB     | 0.268522  | 0.0856126   | 0.282055 |    0.238232 |   -0.183953   |   0.623008 | [0.052 0.119 0.189 0.132 0.195 0.039 0.097 0.267 0.127 0.299 0.082 0.098 |
|          |           |             |          |             |               |            |  0.04  0.4   0.082 0.055 0.046 0.161 0.085 0.019 0.12  0.081 0.139 0.219 |
|          |           |             |          |             |               |            |  0.029 0.054 0.198 0.141 0.035 0.543 0.203 0.086 0.073 0.034 0.06  0.141 |
|          |           |             |          |             |               |            |  0.136]                                                                  |
| IGLB     | 0.0373126 | 0.00277288  | 0.180758 |    0.238232 |    0.241252   |   0.740159 | [0.003 0.007 0.013 0.036 0.052 0.031 0.036 0.069 0.02  0.108 0.03  0.032 |
|          |           |             |          |             |               |            |  0.021 0.061 0.026 0.124 0.06  0.049 0.056 0.049 0.054 0.017 0.025 0.063 |
|          |           |             |          |             |               |            |  0.051 0.047 0.048 0.023 0.06  0.049 0.071 0.028 0.03  0.039 0.032 0.056 |
|          |           |             |          |             |               |            |  0.101]                                                                  |

'comp_lang': [-0.243406, 0.160069, 0.159981, 0.290389, 0.00469423, -0.183953, 0.241252  ]

only difficulty
| Method   |       ECE |        ASCE |      MSE |   brier_ref |   skill_score |   accuracy | GASCE               |
|----------+-----------+-------------+----------+-------------+---------------+------------+---------------------|
| Uncalib  | 0.294939  | 0.0964082   | 0.296219 |    0.238232 |     -0.243406 |   0.612933 | [0.052 0.119 0.261] |
| Platt    | 0.0342784 | 0.00187467  | 0.200098 |    0.238232 |      0.160069 |   0.698922 | [0.005 0.006 0.047] |
| HB       | 0.0220947 | 0.000622425 | 0.200119 |    0.238232 |      0.159981 |   0.703843 | [0.006 0.001 0.034] |
| LR       | 0.0267807 | 0.00149741  | 0.192137 |    0.238232 |      0.193489 |   0.722118 | [0.002 0.004 0.006] |
| LOGR     | 0.276242  | 0.07631     | 0.276242 |    0.238232 |     -0.159551 |   0.723758 | [0.061 0.099 0.113] |
| IGHB     | 0.268522  | 0.0856126   | 0.282055 |    0.238232 |     -0.183953 |   0.623008 | [0.052 0.119 0.189] |
| IGLB     | 0.0511012 | 0.00533759  | 0.19483  |    0.238232 |      0.182182 |   0.719775 | [0.004 0.011 0.019] |


'compl': [-0.243406, 0.160069 ,  0.159981, 0.193489, -0.159551, -0.183953,  0.182182 ]


only length
| Method   |       ECE |        ASCE |      MSE |   brier_ref |   skill_score |   accuracy | GASCE               |
|----------+-----------+-------------+----------+-------------+---------------+------------+---------------------|
| Uncalib  | 0.294939  | 0.0964082   | 0.296219 |    0.238232 |     -0.243406 |   0.612933 | [0.109 0.149 0.156] |
| Platt    | 0.0342784 | 0.00187467  | 0.200098 |    0.238232 |      0.160069 |   0.698922 | [0.003 0.006 0.006] |
| HB       | 0.0220947 | 0.000622425 | 0.200119 |    0.238232 |      0.159981 |   0.703843 | [0.001 0.003 0.003] |
| LR       | 0.0322516 | 0.00157752  | 0.197286 |    0.238232 |      0.171875 |   0.708294 | [0.005 0.004 0.003] |
| LOGR     | 0.291237  | 0.0849013   | 0.291237 |    0.238232 |     -0.222495 |   0.708763 | [0.087 0.097 0.118] |
| IGHB     | 0.190722  | 0.0547316   | 0.267375 |    0.238232 |     -0.122333 |   0.612933 | [0.067 0.072 0.086] |
| IGLB     | 0.0676664 | 0.00755519  | 0.201281 |    0.238232 |      0.155102 |   0.710637 | [0.003 0.002 0.003] |



only lang
| Method   |       ECE |        ASCE |      MSE |   brier_ref |   skill_score |   accuracy | GASCE                                                                    |
|----------+-----------+-------------+----------+-------------+---------------+------------+--------------------------------------------------------------------------|
| Uncalib  | 0.294939  | 0.0964082   | 0.296219 |    0.238232 |    -0.243406  |   0.612933 | [0.13  0.196 0.017 0.124 0.292 0.117 0.35  0.091 0.099 0.033 0.44  0.087 |
|          |           |             |          |             |               |            |  0.067 0.035 0.164 0.061 0.02  0.119 0.092 0.145 0.225 0.032 0.064 0.212 |
|          |           |             |          |             |               |            |  0.165 0.034 0.556 0.23  0.101 0.077 0.027 0.044 0.147 0.169]            |
| Platt    | 0.0342784 | 0.00187467  | 0.200098 |    0.238232 |     0.160069  |   0.698922 | [0.039 0.03  0.057 0.023 0.061 0.017 0.116 0.012 0.018 0.022 0.192 0.049 |
|          |           |             |          |             |               |            |  0.05  0.058 0.033 0.029 0.071 0.031 0.035 0.011 0.044 0.036 0.051 0.064 |
|          |           |             |          |             |               |            |  0.036 0.085 0.25  0.079 0.025 0.026 0.039 0.022 0.038 0.08 ]            |
| HB       | 0.0220947 | 0.000622425 | 0.200119 |    0.238232 |     0.159981  |   0.703843 | [0.027 0.025 0.061 0.008 0.042 0.014 0.088 0.011 0.016 0.016 0.173 0.019 |
|          |           |             |          |             |               |            |  0.021 0.041 0.037 0.029 0.066 0.034 0.02  0.015 0.035 0.033 0.029 0.041 |
|          |           |             |          |             |               |            |  0.024 0.073 0.223 0.054 0.014 0.013 0.031 0.017 0.013 0.058]            |
| LR       | 0.0482427 | 0.00385811  | 0.178751 |    0.238232 |     0.249676  |   0.738754 | [0.037 0.028 0.015 0.025 0.021 0.016 0.008 0.026 0.014 0.013 0.023 0.043 |
|          |           |             |          |             |               |            |  0.05  0.017 0.034 0.024 0.022 0.029 0.032 0.019 0.006 0.017 0.035 0.057 |
|          |           |             |          |             |               |            |  0.041 0.057 0.024 0.02  0.015 0.02  0.018 0.018 0.034 0.091]            |
| LOGR     | 0.259606  | 0.0673995   | 0.259606 |    0.238232 |    -0.0897221 |   0.740394 | [0.03  0.052 0.015 0.119 0.166 0.078 0.127 0.074 0.036 0.045 0.105 0.093 |
|          |           |             |          |             |               |            |  0.046 0.031 0.015 0.037 0.018 0.015 0.084 0.046 0.173 0.021 0.116 0.087 |
|          |           |             |          |             |               |            |  0.182 0.151 0.028 0.185 0.114 0.119 0.044 0.063 0.033 0.23 ]            |
| IGHB     | 0.294939  | 0.0964082   | 0.296219 |    0.238232 |    -0.243406  |   0.612933 | [0.13  0.196 0.017 0.124 0.292 0.117 0.35  0.091 0.099 0.033 0.44  0.087 |
|          |           |             |          |             |               |            |  0.067 0.035 0.164 0.061 0.02  0.119 0.092 0.145 0.225 0.032 0.064 0.212 |
|          |           |             |          |             |               |            |  0.165 0.034 0.556 0.23  0.101 0.077 0.027 0.044 0.147 0.169]            |
| IGLB     | 0.040007  | 0.00261636  | 0.170112 |    0.238232 |     0.285937  |   0.75     | [0.026 0.01  0.017 0.033 0.02  0.035 0.017 0.026 0.021 0.016 0.046 0.023 |
|          |           |             |          |             |               |            |  0.057 0.027 0.01  0.019 0.02  0.013 0.031 0.012 0.02  0.029 0.018 0.027 |
|          |           |             |          |             |               |            |  0.029 0.013 0.003 0.036 0.019 0.018 0.035 0.028 0.041 0.011]            |



{
 'lang':[-0.243406, 0.160069, 0.159981,  0.249676 , -0.0897221, -0.243406,  0.285937],
 'length': [ -0.243406, 0.160069, 0.159981, 0.171875,  -0.222495, -0.122333, 0.155102 ],
 'compl': [-0.243406, 0.160069 ,  0.159981, 0.193489, -0.159551, -0.183953,  0.182182 ],
 'comp_lang': [-0.243406, 0.160069, 0.159981, 0.290389, 0.00469423, -0.183953, 0.241252  ],
 'length_lang': [-0.243406, 0.160069, 0.159981, 0.276747, -0.0021903, -0.122333, 0.260551],
'length_compl': [-0.243406,  0.160069, 0.159981,  0.196731, -0.166435, -0.122333, 0.195569 ],
'all': [-0.243406, 0.160069, 0.159981,  0.297414, 0.0381334, -0.122333, 0.298633]
}

################### DeepSeek #################################

all
| Method   |       ECE |        ASCE |      MSE |   brier_ref |   skill_score |   accuracy | GASCE                                                                    |
|----------+-----------+-------------+----------+-------------+---------------+------------+--------------------------------------------------------------------------|
| Uncalib  | 0.380834  | 0.152814    | 0.325762 |    0.195103 |    -0.669695  |   0.287957 | [0.117 0.215 0.237 0.151 0.352 0.182 0.267 0.286 0.337 0.157 0.315 0.257 |
|          |           |             |          |             |               |            |  0.338 0.369 0.168 0.059 0.323 0.228 0.03  0.323 0.235 0.291 0.065 0.176 |
|          |           |             |          |             |               |            |  0.225 0.273 0.246 0.183 0.117 0.296 0.231 0.046 0.241 0.307 0.245 0.279 |
|          |           |             |          |             |               |            |  0.131 0.269 0.217 0.065]                                                |
| Platt    | 0.0482662 | 0.00475195  | 0.176964 |    0.195103 |     0.0929692 |   0.733599 | [0.009 0.013 0.017 0.007 0.041 0.003 0.034 0.036 0.067 0.049 0.022 0.033 |
|          |           |             |          |             |               |            |  0.05  0.066 0.046 0.182 0.145 0.024 0.16  0.028 0.032 0.031 0.172 0.029 |
|          |           |             |          |             |               |            |  0.02  0.027 0.052 0.025 0.558 0.025 0.037 0.316 0.031 0.033 0.038 0.042 |
|          |           |             |          |             |               |            |  0.041 0.042 0.034 0.149]                                                |
| HB       | 0.014925  | 0.000445353 | 0.173212 |    0.195103 |     0.112199  |   0.755155 | [0.004 0.009 0.016 0.002 0.04  0.001 0.024 0.021 0.032 0.026 0.026 0.019 |
|          |           |             |          |             |               |            |  0.044 0.056 0.046 0.177 0.093 0.02  0.162 0.025 0.022 0.02  0.145 0.028 |
|          |           |             |          |             |               |            |  0.012 0.018 0.037 0.016 0.544 0.022 0.016 0.315 0.011 0.021 0.018 0.018 |
|          |           |             |          |             |               |            |  0.034 0.027 0.018 0.135]                                                |
| LR       | 0.0896556 | 0.0145482   | 0.107963 |    0.195103 |     0.446633  |   0.871603 | [0.019 0.011 0.017 0.013 0.006 0.014 0.023 0.029 0.028 0.056 0.008 0.024 |
|          |           |             |          |             |               |            |  0.024 0.037 0.024 0.048 0.019 0.037 0.012 0.017 0.04  0.021 0.066 0.029 |
|          |           |             |          |             |               |            |  0.015 0.018 0.052 0.024 0.026 0.017 0.033 0.06  0.019 0.034 0.042 0.033 |
|          |           |             |          |             |               |            |  0.03  0.033 0.032 0.12 ]                                                |
| LOGR     | 0.134255  | 0.0239408   | 0.134255 |    0.195103 |     0.311876  |   0.865745 | [0.033 0.011 0.011 0.021 0.004 0.02  0.003 0.001 0.007 0.016 0.    0.033 |
|          |           |             |          |             |               |            |  0.031 0.005 0.029 0.092 0.088 0.009 0.13  0.002 0.005 0.017 0.112 0.024 |
|          |           |             |          |             |               |            |  0.053 0.007 0.006 0.031 0.007 0.014 0.009 0.159 0.011 0.008 0.006 0.009 |
|          |           |             |          |             |               |            |  0.033 0.028 0.007 0.274]                                                |
| IGHB     | 0.184536  | 0.0501641   | 0.202791 |    0.195103 |    -0.0394072 |   0.612933 | [0.035 0.073 0.107 0.052 0.09  0.062 0.088 0.09  0.281 0.075 0.278 0.127 |
|          |           |             |          |             |               |            |  0.199 0.3   0.095 0.054 0.323 0.08  0.03  0.257 0.072 0.087 0.045 0.061 |
|          |           |             |          |             |               |            |  0.068 0.058 0.108 0.037 0.142 0.059 0.052 0.046 0.028 0.185 0.085 0.042 |
|          |           |             |          |             |               |            |  0.058 0.082 0.08  0.227]                                                |
| IGLB     | 0.0349227 | 0.00225115  | 0.101581 |    0.195103 |     0.479345  |   0.845595 | [0.003 0.003 0.007 0.004 0.003 0.004 0.014 0.014 0.02  0.049 0.009 0.032 |
|          |           |             |          |             |               |            |  0.075 0.022 0.019 0.105 0.023 0.014 0.022 0.006 0.018 0.036 0.041 0.037 |
|          |           |             |          |             |               |            |  0.041 0.008 0.027 0.023 0.021 0.016 0.023 0.034 0.016 0.015 0.016 0.024 |
|          |           |             |          |             |               |            |  0.014 0.034 0.011 0.059]                                                |

'all' : [-0.669695, 0.0929692,  0.112199, 0.446633, 0.311876,  -0.0394072, 0.479345 ]


no lang
| Method   |       ECE |        ASCE |      MSE |   brier_ref |   skill_score |   accuracy | GASCE                                 |
|----------+-----------+-------------+----------+-------------+---------------+------------+---------------------------------------|
| Uncalib  | 0.380834  | 0.152814    | 0.325762 |    0.195103 |    -0.669695  |   0.287957 | [0.117 0.215 0.237 0.151 0.352 0.182] |
| Platt    | 0.0482662 | 0.00475195  | 0.176964 |    0.195103 |     0.0929692 |   0.733599 | [0.009 0.013 0.017 0.007 0.041 0.003] |
| HB       | 0.014925  | 0.000445353 | 0.173212 |    0.195103 |     0.112199  |   0.755155 | [0.004 0.009 0.016 0.002 0.04  0.001] |
| LR       | 0.0525187 | 0.00449971  | 0.140551 |    0.195103 |     0.279604  |   0.794283 | [0.009 0.008 0.009 0.003 0.003 0.004] |
| LOGR     | 0.208763  | 0.0527626   | 0.208763 |    0.195103 |    -0.0700155 |   0.791237 | [0.067 0.048 0.023 0.064 0.001 0.033] |
| IGHB     | 0.184536  | 0.0501641   | 0.202791 |    0.195103 |    -0.0394072 |   0.612933 | [0.035 0.073 0.107 0.052 0.09  0.062] |
| IGLB     | 0.0317948 | 0.00311519  | 0.135964 |    0.195103 |     0.303114  |   0.7903   | [0.005 0.004 0.004 0.005 0.    0.002] |

'comp_length': [-0.669695, 0.0929692,  0.112199, 0.279604, -0.0700155, -0.0394072, 0.303114 ]

no length
| Method   |       ECE |        ASCE |      MSE |   brier_ref |   skill_score |   accuracy | GASCE                                                                    |
|----------+-----------+-------------+----------+-------------+---------------+------------+--------------------------------------------------------------------------|
| Uncalib  | 0.380834  | 0.152814    | 0.325762 |    0.195103 |    -0.669695  |   0.287957 | [0.117 0.215 0.237 0.267 0.286 0.337 0.157 0.315 0.257 0.338 0.369 0.168 |
|          |           |             |          |             |               |            |  0.059 0.323 0.228 0.03  0.323 0.235 0.291 0.065 0.176 0.225 0.273 0.246 |
|          |           |             |          |             |               |            |  0.183 0.117 0.296 0.231 0.046 0.241 0.307 0.245 0.279 0.131 0.269 0.217 |
|          |           |             |          |             |               |            |  0.065]                                                                  |
| Platt    | 0.0482662 | 0.00475195  | 0.176964 |    0.195103 |     0.0929692 |   0.733599 | [0.009 0.013 0.017 0.034 0.036 0.067 0.049 0.022 0.033 0.05  0.066 0.046 |
|          |           |             |          |             |               |            |  0.182 0.145 0.024 0.16  0.028 0.032 0.031 0.172 0.029 0.02  0.027 0.052 |
|          |           |             |          |             |               |            |  0.025 0.558 0.025 0.037 0.316 0.031 0.033 0.038 0.042 0.041 0.042 0.034 |
|          |           |             |          |             |               |            |  0.149]                                                                  |
| HB       | 0.014925  | 0.000445353 | 0.173212 |    0.195103 |     0.112199  |   0.755155 | [0.004 0.009 0.016 0.024 0.021 0.032 0.026 0.026 0.019 0.044 0.056 0.046 |
|          |           |             |          |             |               |            |  0.177 0.093 0.02  0.162 0.025 0.022 0.02  0.145 0.028 0.012 0.018 0.037 |
|          |           |             |          |             |               |            |  0.016 0.544 0.022 0.016 0.315 0.011 0.021 0.018 0.018 0.034 0.027 0.018 |
|          |           |             |          |             |               |            |  0.135]                                                                  |
| LR       | 0.0877109 | 0.0114764   | 0.130039 |    0.195103 |     0.333483  |   0.799203 | [0.016 0.009 0.014 0.026 0.028 0.025 0.053 0.009 0.016 0.014 0.006 0.034 |
|          |           |             |          |             |               |            |  0.097 0.031 0.026 0.019 0.004 0.029 0.015 0.096 0.024 0.016 0.019 0.054 |
|          |           |             |          |             |               |            |  0.028 0.03  0.006 0.033 0.077 0.022 0.012 0.041 0.035 0.024 0.027 0.017 |
|          |           |             |          |             |               |            |  0.126]                                                                  |
| LOGR     | 0.192596  | 0.0407964   | 0.192596 |    0.195103 |     0.0128477 |   0.807404 | [0.064 0.013 0.018 0.013 0.008 0.007 0.023 0.    0.037 0.025 0.005 0.033 |
|          |           |             |          |             |               |            |  0.286 0.123 0.017 0.174 0.002 0.011 0.021 0.353 0.039 0.052 0.019 0.016 |
|          |           |             |          |             |               |            |  0.045 0.008 0.018 0.025 0.179 0.026 0.008 0.033 0.027 0.045 0.027 0.033 |
|          |           |             |          |             |               |            |  0.291]                                                                  |
| IGHB     | 0.274719  | 0.110066    | 0.28234  |    0.195103 |    -0.447137  |   0.422915 | [0.045 0.215 0.237 0.214 0.205 0.227 0.118 0.248 0.184 0.244 0.301 0.17  |
|          |           |             |          |             |               |            |  0.118 0.317 0.229 0.12  0.253 0.199 0.189 0.069 0.147 0.185 0.204 0.169 |
|          |           |             |          |             |               |            |  0.139 0.216 0.205 0.174 0.109 0.179 0.183 0.169 0.168 0.138 0.188 0.187 |
|          |           |             |          |             |               |            |  0.077]                                                                  |
| IGLB     | 0.0233599 | 0.00100336  | 0.113407 |    0.195103 |     0.418732  |   0.838332 | [0.002 0.004 0.003 0.016 0.015 0.039 0.024 0.006 0.017 0.054 0.007 0.034 |
|          |           |             |          |             |               |            |  0.029 0.023 0.023 0.056 0.013 0.011 0.02  0.036 0.029 0.042 0.022 0.021 |
|          |           |             |          |             |               |            |  0.024 0.036 0.029 0.015 0.042 0.02  0.02  0.029 0.022 0.035 0.018 0.021 |
|          |           |             |          |             |               |            |  0.085]                                                                  |

'comp_lang' : [-0.669695, 0.0929692,  0.112199,  0.333483,  0.0128477, -0.447137, 0.418732]

no compl
| Method   |       ECE |        ASCE |       MSE |   brier_ref |   skill_score |   accuracy | GASCE                                                                    |
|----------+-----------+-------------+-----------+-------------+---------------+------------+--------------------------------------------------------------------------|
| Uncalib  | 0.380834  | 0.152814    | 0.325762  |    0.195103 |    -0.669695  |   0.287957 | [0.151 0.352 0.182 0.267 0.286 0.337 0.157 0.315 0.257 0.338 0.369 0.168 |
|          |           |             |           |             |               |            |  0.059 0.323 0.228 0.03  0.323 0.235 0.291 0.065 0.176 0.225 0.273 0.246 |
|          |           |             |           |             |               |            |  0.183 0.117 0.296 0.231 0.046 0.241 0.307 0.245 0.279 0.131 0.269 0.217 |
|          |           |             |           |             |               |            |  0.065]                                                                  |
| Platt    | 0.0482662 | 0.00475195  | 0.176964  |    0.195103 |     0.0929692 |   0.733599 | [0.007 0.041 0.003 0.034 0.036 0.067 0.049 0.022 0.033 0.05  0.066 0.046 |
|          |           |             |           |             |               |            |  0.182 0.145 0.024 0.16  0.028 0.032 0.031 0.172 0.029 0.02  0.027 0.052 |
|          |           |             |           |             |               |            |  0.025 0.558 0.025 0.037 0.316 0.031 0.033 0.038 0.042 0.041 0.042 0.034 |
|          |           |             |           |             |               |            |  0.149]                                                                  |
| HB       | 0.014925  | 0.000445353 | 0.173212  |    0.195103 |     0.112199  |   0.755155 | [0.002 0.04  0.001 0.024 0.021 0.032 0.026 0.026 0.019 0.044 0.056 0.046 |
|          |           |             |           |             |               |            |  0.177 0.093 0.02  0.162 0.025 0.022 0.02  0.145 0.028 0.012 0.018 0.037 |
|          |           |             |           |             |               |            |  0.016 0.544 0.022 0.016 0.315 0.011 0.021 0.018 0.018 0.034 0.027 0.018 |
|          |           |             |           |             |               |            |  0.135]                                                                  |
| LR       | 0.0862816 | 0.0130972   | 0.108806  |    0.195103 |     0.442316  |   0.865042 | [0.012 0.004 0.012 0.022 0.022 0.024 0.047 0.007 0.015 0.021 0.04  0.027 |
|          |           |             |           |             |               |            |  0.049 0.041 0.022 0.029 0.013 0.031 0.017 0.053 0.032 0.028 0.017 0.045 |
|          |           |             |           |             |               |            |  0.027 0.022 0.017 0.038 0.038 0.015 0.034 0.044 0.038 0.045 0.023 0.029 |
|          |           |             |           |             |               |            |  0.107]                                                                  |
| LOGR     | 0.136129  | 0.0240228   | 0.136129  |    0.195103 |     0.302268  |   0.863871 | [0.02  0.004 0.02  0.003 0.003 0.007 0.023 0.    0.032 0.031 0.005 0.019 |
|          |           |             |           |             |               |            |  0.075 0.069 0.022 0.122 0.002 0.008 0.042 0.107 0.024 0.042 0.007 0.009 |
|          |           |             |           |             |               |            |  0.038 0.025 0.013 0.004 0.094 0.011 0.008 0.007 0.014 0.027 0.038 0.009 |
|          |           |             |           |             |               |            |  0.282]                                                                  |
| IGHB     | 0.184536  | 0.0501641   | 0.202791  |    0.195103 |    -0.0394072 |   0.612933 | [0.052 0.09  0.062 0.088 0.09  0.281 0.075 0.278 0.127 0.199 0.3   0.095 |
|          |           |             |           |             |               |            |  0.054 0.323 0.08  0.03  0.257 0.072 0.087 0.045 0.061 0.068 0.058 0.108 |
|          |           |             |           |             |               |            |  0.037 0.142 0.059 0.052 0.046 0.028 0.185 0.085 0.042 0.058 0.082 0.08  |
|          |           |             |           |             |               |            |  0.227]                                                                  |
| IGLB     | 0.0276125 | 0.00152482  | 0.0956215 |    0.195103 |     0.509892  |   0.860122 | [0.003 0.002 0.004 0.014 0.016 0.014 0.038 0.006 0.013 0.012 0.022 0.03  |
|          |           |             |           |             |               |            |  0.015 0.034 0.034 0.032 0.006 0.017 0.029 0.009 0.036 0.047 0.008 0.05  |
|          |           |             |           |             |               |            |  0.014 0.019 0.018 0.034 0.013 0.021 0.009 0.027 0.024 0.019 0.029 0.013 |
|          |           |             |           |             |               |            |  0.035]                                                                  |

'lang_length' : [-0.669695, 0.0929692,  0.112199,  0.442316,  0.302268, -0.0394072, 0.509892 ]

only lang
| Method   |       ECE |        ASCE |      MSE |   brier_ref |   skill_score |   accuracy | GASCE                                                                    |
|----------+-----------+-------------+----------+-------------+---------------+------------+--------------------------------------------------------------------------|
| Uncalib  | 0.380834  | 0.152814    | 0.325762 |    0.195103 |    -0.669695  |   0.287957 | [0.267 0.286 0.337 0.157 0.315 0.257 0.338 0.369 0.168 0.059 0.323 0.228 |
|          |           |             |          |             |               |            |  0.03  0.323 0.235 0.291 0.065 0.176 0.225 0.273 0.246 0.183 0.117 0.296 |
|          |           |             |          |             |               |            |  0.231 0.046 0.241 0.307 0.245 0.279 0.131 0.269 0.217 0.065]            |
| Platt    | 0.0482662 | 0.00475195  | 0.176964 |    0.195103 |     0.0929692 |   0.733599 | [0.034 0.036 0.067 0.049 0.022 0.033 0.05  0.066 0.046 0.182 0.145 0.024 |
|          |           |             |          |             |               |            |  0.16  0.028 0.032 0.031 0.172 0.029 0.02  0.027 0.052 0.025 0.558 0.025 |
|          |           |             |          |             |               |            |  0.037 0.316 0.031 0.033 0.038 0.042 0.041 0.042 0.034 0.149]            |
| HB       | 0.014925  | 0.000445353 | 0.173212 |    0.195103 |     0.112199  |   0.755155 | [0.024 0.021 0.032 0.026 0.026 0.019 0.044 0.056 0.046 0.177 0.093 0.02  |
|          |           |             |          |             |               |            |  0.162 0.025 0.022 0.02  0.145 0.028 0.012 0.018 0.037 0.016 0.544 0.022 |
|          |           |             |          |             |               |            |  0.016 0.315 0.011 0.021 0.018 0.018 0.034 0.027 0.018 0.135]            |
| LR       | 0.075656  | 0.011008    | 0.132597 |    0.195103 |     0.320375  |   0.792643 | [0.027 0.027 0.039 0.053 0.006 0.015 0.01  0.008 0.041 0.093 0.074 0.021 |
|          |           |             |          |             |               |            |  0.066 0.003 0.036 0.014 0.099 0.036 0.016 0.018 0.051 0.029 0.023 0.007 |
|          |           |             |          |             |               |            |  0.032 0.058 0.012 0.011 0.033 0.028 0.025 0.025 0.02  0.085]            |
| LOGR     | 0.199157  | 0.0434654   | 0.199157 |    0.195103 |    -0.020778  |   0.800843 | [0.013 0.008 0.007 0.044 0.    0.037 0.023 0.005 0.025 0.398 0.087 0.017 |
|          |           |             |          |             |               |            |  0.214 0.002 0.01  0.021 0.391 0.031 0.031 0.019 0.016 0.052 0.008 0.023 |
|          |           |             |          |             |               |            |  0.033 0.13  0.026 0.008 0.033 0.027 0.047 0.03  0.037 0.396]            |
| IGHB     | 0.380834  | 0.152814    | 0.325762 |    0.195103 |    -0.669695  |   0.287957 | [0.267 0.286 0.337 0.157 0.315 0.257 0.338 0.369 0.168 0.059 0.323 0.228 |
|          |           |             |          |             |               |            |  0.03  0.323 0.235 0.291 0.065 0.176 0.225 0.273 0.246 0.183 0.117 0.296 |
|          |           |             |          |             |               |            |  0.231 0.046 0.241 0.307 0.245 0.279 0.131 0.269 0.217 0.065]            |
| IGLB     | 0.0382263 | 0.00419896  | 0.118599 |    0.195103 |     0.39212   |   0.832943 | [0.013 0.011 0.027 0.034 0.    0.016 0.026 0.014 0.012 0.059 0.031 0.017 |
|          |           |             |          |             |               |            |  0.03  0.003 0.004 0.011 0.065 0.014 0.031 0.017 0.034 0.022 0.004 0.016 |
|          |           |             |          |             |               |            |  0.01  0.046 0.012 0.02  0.006 0.045 0.007 0.038 0.011 0.054]            |

'lang' : [-0.669695, 0.0929692,  0.112199,  0.320375, -0.020778, -0.669695, 0.39212 ]

only compl
| Method   |       ECE |        ASCE |      MSE |   brier_ref |   skill_score |   accuracy | GASCE               |
|----------+-----------+-------------+----------+-------------+---------------+------------+---------------------|
| Uncalib  | 0.380834  | 0.152814    | 0.325762 |    0.195103 |    -0.669695  |   0.287957 | [0.117 0.215 0.237] |
| Platt    | 0.0482662 | 0.00475195  | 0.176964 |    0.195103 |     0.0929692 |   0.733599 | [0.009 0.013 0.017] |
| HB       | 0.014925  | 0.000445353 | 0.173212 |    0.195103 |     0.112199  |   0.755155 | [0.004 0.009 0.016] |
| LR       | 0.0668932 | 0.0062357   | 0.174535 |    0.195103 |     0.105417  |   0.739222 | [0.008 0.008 0.01 ] |
| LOGR     | 0.252577  | 0.0653477   | 0.252577 |    0.195103 |    -0.294587  |   0.747423 | [0.101 0.035 0.018] |
| IGHB     | 0.274719  | 0.110066    | 0.28234  |    0.195103 |    -0.447137  |   0.422915 | [0.045 0.215 0.237] |
| IGLB     | 0.0117268 | 0.000361003 | 0.167622 |    0.195103 |     0.140853  |   0.765933 | [0.001 0.    0.   ] |

'compl': [-0.669695, 0.0929692,  0.112199, 0.105417 , -0.294587, -0.447137, 0.140853 ]

only length
| Method   |       ECE |        ASCE |      MSE |   brier_ref |   skill_score |   accuracy | GASCE               |
|----------+-----------+-------------+----------+-------------+---------------+------------+---------------------|
| Uncalib  | 0.380834  | 0.152814    | 0.325762 |    0.195103 |    -0.669695  |   0.287957 | [0.151 0.352 0.182] |
| Platt    | 0.0482662 | 0.00475195  | 0.176964 |    0.195103 |     0.0929692 |   0.733599 | [0.007 0.041 0.003] |
| HB       | 0.014925  | 0.000445353 | 0.173212 |    0.195103 |     0.112199  |   0.755155 | [0.002 0.04  0.001] |
| LR       | 0.0494611 | 0.00436827  | 0.141843 |    0.195103 |     0.272984  |   0.782568 | [0.005 0.001 0.004] |
| LOGR     | 0.215323  | 0.0538586   | 0.215323 |    0.195103 |    -0.103641  |   0.784677 | [0.073 0.001 0.035] |
| IGHB     | 0.184536  | 0.0501641   | 0.202791 |    0.195103 |    -0.0394072 |   0.612933 | [0.052 0.09  0.062] |
| IGLB     | 0.0429944 | 0.00427564  | 0.140121 |    0.195103 |     0.281807  |   0.769447 | [0.002 0.    0.002] |

'length': [-0.669695, 0.0929692, 0.112199, 0.272984, -0.103641, -0.0394072, 0.281807]

{
    'compl': [-0.669695, 0.0929692,  0.112199, 0.105417 , -0.294587, -0.447137, 0.140853 ],
'length': [-0.669695, 0.0929692, 0.112199, 0.272984, -0.103641, -0.0394072, 0.281807],
'lang' : [-0.669695, 0.0929692,  0.112199,  0.320375, -0.020778, -0.669695, 0.39212 ],
'comp_length': [-0.669695, 0.0929692,  0.112199, 0.279604, -0.0700155, -0.0394072, 0.303114 ],
'comp_lang' : [-0.669695, 0.0929692,  0.112199,  0.333483,  0.0128477, -0.447137, 0.418732],
'lang_length' : [-0.669695, 0.0929692,  0.112199,  0.442316,  0.302268, -0.0394072, 0.509892 ],
'all' : [-0.669695, 0.0929692,  0.112199, 0.446633, 0.311876,  -0.0394072, 0.479345 ]
}

################### GPT-OSS #################################

all
| Method   |       ECE |        ASCE |      MSE |   brier_ref |   skill_score |   accuracy | GASCE                                                                    |
|----------+-----------+-------------+----------+-------------+---------------+------------+--------------------------------------------------------------------------|
| Uncalib  | 0.268451  | 0.0816229   | 0.306234 |    0.249336 |    -0.228201  |   0.474227 | [0.033 0.141 0.248 0.122 0.142 0.173 0.172 0.18  0.044 0.036 0.351 0.074 |
|          |           |             |          |             |               |            |  0.139 0.187 0.096 0.091 0.223 0.052 0.017 0.247 0.139 0.085 0.027 0.135 |
|          |           |             |          |             |               |            |  0.135 0.184 0.069 0.064 0.026 0.325 0.116 0.016 0.166 0.076 0.094 0.077 |
|          |           |             |          |             |               |            |  0.029 0.111 0.162 0.097]                                                |
| Platt    | 0.0341729 | 0.00189022  | 0.225057 |    0.249336 |     0.0973732 |   0.617151 | [0.013 0.012 0.038 0.005 0.011 0.012 0.041 0.05  0.047 0.062 0.092 0.02  |
|          |           |             |          |             |               |            |  0.017 0.053 0.037 0.023 0.101 0.033 0.029 0.067 0.024 0.042 0.048 0.052 |
|          |           |             |          |             |               |            |  0.036 0.023 0.03  0.014 0.121 0.136 0.031 0.111 0.038 0.03  0.027 0.017 |
|          |           |             |          |             |               |            |  0.107 0.017 0.032 0.034]                                                |
| HB       | 0.0247071 | 0.00115562  | 0.225989 |    0.249336 |     0.0936375 |   0.623477 | [0.01  0.011 0.04  0.005 0.008 0.012 0.024 0.025 0.016 0.042 0.093 0.015 |
|          |           |             |          |             |               |            |  0.014 0.048 0.021 0.01  0.091 0.018 0.023 0.06  0.012 0.009 0.042 0.041 |
|          |           |             |          |             |               |            |  0.018 0.015 0.028 0.008 0.127 0.096 0.018 0.113 0.026 0.009 0.003 0.009 |
|          |           |             |          |             |               |            |  0.102 0.005 0.021 0.034]                                                |
| LR       | 0.0413894 | 0.00245301  | 0.186862 |    0.249336 |     0.25056   |   0.725398 | [0.005 0.004 0.004 0.003 0.004 0.003 0.022 0.032 0.039 0.031 0.018 0.015 |
|          |           |             |          |             |               |            |  0.037 0.028 0.024 0.028 0.015 0.026 0.022 0.018 0.024 0.035 0.019 0.033 |
|          |           |             |          |             |               |            |  0.02  0.013 0.041 0.022 0.082 0.049 0.049 0.046 0.027 0.038 0.036 0.013 |
|          |           |             |          |             |               |            |  0.03  0.021 0.023 0.053]                                                |
| LOGR     | 0.272259  | 0.0744006   | 0.272259 |    0.249336 |    -0.091936  |   0.727741 | [0.08  0.085 0.056 0.072 0.086 0.076 0.056 0.021 0.141 0.057 0.014 0.065 |
|          |           |             |          |             |               |            |  0.091 0.168 0.03  0.161 0.113 0.122 0.061 0.094 0.045 0.111 0.057 0.03  |
|          |           |             |          |             |               |            |  0.066 0.055 0.051 0.083 0.178 0.049 0.064 0.112 0.133 0.119 0.072 0.091 |
|          |           |             |          |             |               |            |  0.034 0.085 0.047 0.174]                                                |
| IGHB     | 0.163695  | 0.0412783   | 0.258852 |    0.249336 |    -0.0381656 |   0.5888   | [0.016 0.077 0.147 0.068 0.075 0.079 0.093 0.099 0.029 0.033 0.221 0.036 |
|          |           |             |          |             |               |            |  0.056 0.127 0.063 0.069 0.198 0.026 0.014 0.194 0.094 0.06  0.02  0.104 |
|          |           |             |          |             |               |            |  0.07  0.111 0.051 0.02  0.071 0.289 0.067 0.055 0.1   0.069 0.034 0.039 |
|          |           |             |          |             |               |            |  0.045 0.041 0.088 0.098]                                                |
| IGLB     | 0.0221064 | 0.000810103 | 0.185026 |    0.249336 |     0.257923  |   0.723524 | [0.002 0.004 0.007 0.002 0.001 0.002 0.021 0.037 0.056 0.042 0.015 0.022 |
|          |           |             |          |             |               |            |  0.033 0.038 0.02  0.031 0.051 0.019 0.034 0.003 0.026 0.044 0.032 0.028 |
|          |           |             |          |             |               |            |  0.016 0.037 0.034 0.025 0.03  0.006 0.035 0.004 0.011 0.019 0.018 0.017 |
|          |           |             |          |             |               |            |  0.045 0.029 0.021 0.043]                                                |


'all': [ -0.228201, 0.0973732, 0.0936375, 0.25056, -0.091936 , -0.0381656, 0.249366 ]

no lang
| Method   |       ECE |        ASCE |      MSE |   brier_ref |   skill_score |   accuracy | GASCE                                 |
|----------+-----------+-------------+----------+-------------+---------------+------------+---------------------------------------|
| Uncalib  | 0.268451  | 0.0816229   | 0.306234 |    0.249336 |    -0.228201  |   0.474227 | [0.033 0.141 0.248 0.122 0.142 0.173] |
| Platt    | 0.0341729 | 0.00189022  | 0.225057 |    0.249336 |     0.0973732 |   0.617151 | [0.013 0.012 0.038 0.005 0.011 0.012] |
| HB       | 0.0247071 | 0.00115562  | 0.225989 |    0.249336 |     0.0936375 |   0.623477 | [0.01  0.011 0.04  0.005 0.008 0.012] |
| LR       | 0.0282685 | 0.00108114  | 0.200397 |    0.249336 |     0.196277  |   0.692596 | [0.003 0.003 0.003 0.002 0.002 0.001] |
| LOGR     | 0.309278  | 0.0960485   | 0.309278 |    0.249336 |    -0.240409  |   0.690722 | [0.102 0.134 0.054 0.11  0.098 0.091] |
| IGHB     | 0.163695  | 0.0412783   | 0.258852 |    0.249336 |    -0.0381656 |   0.5888   | [0.016 0.077 0.147 0.068 0.075 0.079] |
| IGLB     | 0.0205951 | 0.000610787 | 0.200752 |    0.249336 |     0.194855  |   0.688847 | [0.001 0.002 0.003 0.001 0.002 0.001] |

'compl_length': [ -0.228201, 0.0973732, 0.0936375, 0.196277 , -0.240409,  -0.0381656, 0.194855]

no length
| Method   |       ECE |       ASCE |      MSE |   brier_ref |   skill_score |   accuracy | GASCE                                                                    |
|----------+-----------+------------+----------+-------------+---------------+------------+--------------------------------------------------------------------------|
| Uncalib  | 0.268451  | 0.0816229  | 0.306234 |    0.249336 |    -0.228201  |   0.474227 | [0.033 0.141 0.248 0.172 0.18  0.044 0.036 0.351 0.074 0.139 0.187 0.096 |
|          |           |            |          |             |               |            |  0.091 0.223 0.052 0.017 0.247 0.139 0.085 0.027 0.135 0.135 0.184 0.069 |
|          |           |            |          |             |               |            |  0.064 0.026 0.325 0.116 0.016 0.166 0.076 0.094 0.077 0.029 0.111 0.162 |
|          |           |            |          |             |               |            |  0.097]                                                                  |
| Platt    | 0.0341729 | 0.00189022 | 0.225057 |    0.249336 |     0.0973732 |   0.617151 | [0.013 0.012 0.038 0.041 0.05  0.047 0.062 0.092 0.02  0.017 0.053 0.037 |
|          |           |            |          |             |               |            |  0.023 0.101 0.033 0.029 0.067 0.024 0.042 0.048 0.052 0.036 0.023 0.03  |
|          |           |            |          |             |               |            |  0.014 0.121 0.136 0.031 0.111 0.038 0.03  0.027 0.017 0.107 0.017 0.032 |
|          |           |            |          |             |               |            |  0.034]                                                                  |
| HB       | 0.0247071 | 0.00115562 | 0.225989 |    0.249336 |     0.0936375 |   0.623477 | [0.01  0.011 0.04  0.024 0.025 0.016 0.042 0.093 0.015 0.014 0.048 0.021 |
|          |           |            |          |             |               |            |  0.01  0.091 0.018 0.023 0.06  0.012 0.009 0.042 0.041 0.018 0.015 0.028 |
|          |           |            |          |             |               |            |  0.008 0.127 0.096 0.018 0.113 0.026 0.009 0.003 0.009 0.102 0.005 0.021 |
|          |           |            |          |             |               |            |  0.034]                                                                  |
| LR       | 0.0485473 | 0.00300153 | 0.194571 |    0.249336 |     0.219642  |   0.712746 | [0.005 0.004 0.005 0.027 0.04  0.024 0.026 0.022 0.021 0.018 0.037 0.026 |
|          |           |            |          |             |               |            |  0.027 0.037 0.026 0.018 0.019 0.03  0.02  0.018 0.023 0.012 0.022 0.044 |
|          |           |            |          |             |               |            |  0.011 0.114 0.037 0.035 0.044 0.035 0.045 0.015 0.017 0.026 0.031 0.019 |
|          |           |            |          |             |               |            |  0.054]                                                                  |
| LOGR     | 0.287488  | 0.0831288  | 0.287488 |    0.249336 |    -0.153017  |   0.712512 | [0.095 0.086 0.054 0.052 0.023 0.156 0.073 0.03  0.09  0.118 0.191 0.052 |
|          |           |            |          |             |               |            |  0.179 0.113 0.16  0.063 0.09  0.064 0.095 0.072 0.039 0.062 0.064 0.075 |
|          |           |            |          |             |               |            |  0.127 0.223 0.049 0.088 0.1   0.133 0.075 0.086 0.105 0.034 0.089 0.046 |
|          |           |            |          |             |               |            |  0.15 ]                                                                  |
| IGHB     | 0.268451  | 0.0816229  | 0.306234 |    0.249336 |    -0.228201  |   0.474227 | [0.033 0.141 0.248 0.172 0.18  0.044 0.036 0.351 0.074 0.139 0.187 0.096 |
|          |           |            |          |             |               |            |  0.091 0.223 0.052 0.017 0.247 0.139 0.085 0.027 0.135 0.135 0.184 0.069 |
|          |           |            |          |             |               |            |  0.064 0.026 0.325 0.116 0.016 0.166 0.076 0.094 0.077 0.029 0.111 0.162 |
|          |           |            |          |             |               |            |  0.097]                                                                  |
| IGLB     | 0.0349695 | 0.00157411 | 0.191844 |    0.249336 |     0.230581  |   0.711809 | [0.004 0.004 0.006 0.029 0.038 0.026 0.009 0.016 0.029 0.021 0.061 0.028 |
|          |           |            |          |             |               |            |  0.032 0.04  0.031 0.019 0.011 0.024 0.02  0.043 0.029 0.026 0.024 0.043 |
|          |           |            |          |             |               |            |  0.014 0.008 0.006 0.035 0.002 0.046 0.039 0.02  0.011 0.027 0.03  0.025 |
|          |           |            |          |             |               |            |  0.04 ]                                                                  |


'compl_lang': [ -0.228201, 0.0973732, 0.0936375, 0.219642, -0.153017, -0.228201, 0.230581]

no compl
| Method   |       ECE |        ASCE |      MSE |   brier_ref |   skill_score |   accuracy | GASCE                                                                    |
|----------+-----------+-------------+----------+-------------+---------------+------------+--------------------------------------------------------------------------|
| Uncalib  | 0.268451  | 0.0816229   | 0.306234 |    0.249336 |    -0.228201  |   0.474227 | [0.122 0.142 0.173 0.172 0.18  0.044 0.036 0.351 0.074 0.139 0.187 0.096 |
|          |           |             |          |             |               |            |  0.091 0.223 0.052 0.017 0.247 0.139 0.085 0.027 0.135 0.135 0.184 0.069 |
|          |           |             |          |             |               |            |  0.064 0.026 0.325 0.116 0.016 0.166 0.076 0.094 0.077 0.029 0.111 0.162 |
|          |           |             |          |             |               |            |  0.097]                                                                  |
| Platt    | 0.0341729 | 0.00189022  | 0.225057 |    0.249336 |     0.0973732 |   0.617151 | [0.005 0.011 0.012 0.041 0.05  0.047 0.062 0.092 0.02  0.017 0.053 0.037 |
|          |           |             |          |             |               |            |  0.023 0.101 0.033 0.029 0.067 0.024 0.042 0.048 0.052 0.036 0.023 0.03  |
|          |           |             |          |             |               |            |  0.014 0.121 0.136 0.031 0.111 0.038 0.03  0.027 0.017 0.107 0.017 0.032 |
|          |           |             |          |             |               |            |  0.034]                                                                  |
| HB       | 0.0247071 | 0.00115562  | 0.225989 |    0.249336 |     0.0936375 |   0.623477 | [0.005 0.008 0.012 0.024 0.025 0.016 0.042 0.093 0.015 0.014 0.048 0.021 |
|          |           |             |          |             |               |            |  0.01  0.091 0.018 0.023 0.06  0.012 0.009 0.042 0.041 0.018 0.015 0.028 |
|          |           |             |          |             |               |            |  0.008 0.127 0.096 0.018 0.113 0.026 0.009 0.003 0.009 0.102 0.005 0.021 |
|          |           |             |          |             |               |            |  0.034]                                                                  |
| LR       | 0.0383903 | 0.00252029  | 0.192921 |    0.249336 |     0.226258  |   0.71298  | [0.003 0.003 0.003 0.036 0.047 0.036 0.03  0.021 0.02  0.026 0.037 0.021 |
|          |           |             |          |             |               |            |  0.023 0.017 0.043 0.01  0.013 0.027 0.023 0.027 0.05  0.04  0.016 0.028 |
|          |           |             |          |             |               |            |  0.024 0.056 0.058 0.034 0.032 0.016 0.022 0.01  0.019 0.031 0.038 0.017 |
|          |           |             |          |             |               |            |  0.055]                                                                  |
| LOGR     | 0.286317  | 0.0821208   | 0.286317 |    0.249336 |    -0.148318  |   0.713683 | [0.08  0.088 0.085 0.047 0.017 0.201 0.077 0.014 0.09  0.167 0.153 0.032 |
|          |           |             |          |             |               |            |  0.191 0.104 0.147 0.085 0.058 0.029 0.111 0.074 0.046 0.058 0.053 0.115 |
|          |           |             |          |             |               |            |  0.09  0.154 0.049 0.077 0.099 0.15  0.102 0.092 0.117 0.042 0.099 0.039 |
|          |           |             |          |             |               |            |  0.209]                                                                  |
| IGHB     | 0.163695  | 0.0412783   | 0.258852 |    0.249336 |    -0.0381656 |   0.5888   | [0.068 0.075 0.079 0.093 0.099 0.029 0.033 0.221 0.036 0.056 0.127 0.063 |
|          |           |             |          |             |               |            |  0.069 0.198 0.026 0.014 0.194 0.094 0.06  0.02  0.104 0.07  0.111 0.051 |
|          |           |             |          |             |               |            |  0.02  0.071 0.289 0.067 0.055 0.1   0.069 0.034 0.039 0.045 0.041 0.088 |
|          |           |             |          |             |               |            |  0.098]                                                                  |
| IGLB     | 0.0155108 | 0.000380451 | 0.190293 |    0.249336 |     0.236801  |   0.707357 | [0.002 0.003 0.002 0.031 0.034 0.048 0.042 0.01  0.021 0.041 0.038 0.03  |
|          |           |             |          |             |               |            |  0.036 0.024 0.034 0.037 0.056 0.027 0.028 0.023 0.028 0.027 0.039 0.034 |
|          |           |             |          |             |               |            |  0.028 0.03  0.006 0.034 0.015 0.012 0.031 0.022 0.029 0.027 0.029 0.033 |
|          |           |             |          |             |               |            |  0.019]                                                                  |

'length_lang': [ -0.228201, 0.0973732, 0.0936375, 0.226258,  -0.148318,  -0.0381656,  0.236801]

length

| Method   |       ECE |        ASCE |      MSE |   brier_ref |   skill_score |   accuracy | GASCE               |
|----------+-----------+-------------+----------+-------------+---------------+------------+---------------------|
| Uncalib  | 0.268451  | 0.0816229   | 0.306234 |    0.249336 |    -0.228201  |   0.474227 | [0.122 0.142 0.173] |
| Platt    | 0.0341729 | 0.00189022  | 0.225057 |    0.249336 |     0.0973732 |   0.617151 | [0.005 0.011 0.012] |
| HB       | 0.0247071 | 0.00115562  | 0.225989 |    0.249336 |     0.0936375 |   0.623477 | [0.005 0.008 0.012] |
| LR       | 0.0188261 | 0.000488005 | 0.206786 |    0.249336 |     0.170652  |   0.679007 | [0.002 0.002 0.001] |
| LOGR     | 0.319588  | 0.102397    | 0.319588 |    0.249336 |    -0.281756  |   0.680412 | [0.114 0.099 0.096] |
| IGHB     | 0.163695  | 0.0412783   | 0.258852 |    0.249336 |    -0.0381656 |   0.5888   | [0.068 0.075 0.079] |
| IGLB     | 0.0280694 | 0.00121869  | 0.206805 |    0.249336 |     0.170575  |   0.674321 | [0.002 0.003 0.002] |

'length': [ -0.228201, 0.0973732, 0.0936375, 0.170652, -0.281756 , -0.0381656,  0.170575] 

lang

| Method   |       ECE |       ASCE |      MSE |   brier_ref |   skill_score |   accuracy | GASCE                                                                    |
|----------+-----------+------------+----------+-------------+---------------+------------+--------------------------------------------------------------------------|
| Uncalib  | 0.268451  | 0.0816229  | 0.306234 |    0.249336 |    -0.228201  |   0.474227 | [0.172 0.18  0.044 0.036 0.351 0.074 0.139 0.187 0.096 0.091 0.223 0.052 |
|          |           |            |          |             |               |            |  0.017 0.247 0.139 0.085 0.027 0.135 0.135 0.184 0.069 0.064 0.026 0.325 |
|          |           |            |          |             |               |            |  0.116 0.016 0.166 0.076 0.094 0.077 0.029 0.111 0.162 0.097]            |
| Platt    | 0.0341729 | 0.00189022 | 0.225057 |    0.249336 |     0.0973732 |   0.617151 | [0.041 0.05  0.047 0.062 0.092 0.02  0.017 0.053 0.037 0.023 0.101 0.033 |
|          |           |            |          |             |               |            |  0.029 0.067 0.024 0.042 0.048 0.052 0.036 0.023 0.03  0.014 0.121 0.136 |
|          |           |            |          |             |               |            |  0.031 0.111 0.038 0.03  0.027 0.017 0.107 0.017 0.032 0.034]            |
| HB       | 0.0247071 | 0.00115562 | 0.225989 |    0.249336 |     0.0936375 |   0.623477 | [0.024 0.025 0.016 0.042 0.093 0.015 0.014 0.048 0.021 0.01  0.091 0.018 |
|          |           |            |          |             |               |            |  0.023 0.06  0.012 0.009 0.042 0.041 0.018 0.015 0.028 0.008 0.127 0.096 |
|          |           |            |          |             |               |            |  0.018 0.113 0.026 0.009 0.003 0.009 0.102 0.005 0.021 0.034]            |
| LR       | 0.0435216 | 0.00283619 | 0.208349 |    0.249336 |     0.164383  |   0.671743 | [0.043 0.044 0.025 0.035 0.017 0.021 0.007 0.027 0.027 0.02  0.054 0.024 |
|          |           |            |          |             |               |            |  0.03  0.009 0.015 0.018 0.03  0.047 0.033 0.027 0.026 0.018 0.083 0.039 |
|          |           |            |          |             |               |            |  0.026 0.056 0.025 0.034 0.013 0.02  0.03  0.017 0.031 0.046]            |
| LOGR     | 0.329897  | 0.10899    | 0.329897 |    0.249336 |    -0.323103  |   0.670103 | [0.061 0.023 0.118 0.172 0.021 0.118 0.144 0.153 0.063 0.197 0.159 0.147 |
|          |           |            |          |             |               |            |  0.113 0.078 0.079 0.118 0.085 0.039 0.088 0.081 0.189 0.127 0.198 0.04  |
|          |           |            |          |             |               |            |  0.221 0.135 0.176 0.218 0.145 0.193 0.016 0.128 0.047 0.271]            |
| IGHB     | 0.268451  | 0.0816229  | 0.306234 |    0.249336 |    -0.228201  |   0.474227 | [0.172 0.18  0.044 0.036 0.351 0.074 0.139 0.187 0.096 0.091 0.223 0.052 |
|          |           |            |          |             |               |            |  0.017 0.247 0.139 0.085 0.027 0.135 0.135 0.184 0.069 0.064 0.026 0.325 |
|          |           |            |          |             |               |            |  0.116 0.016 0.166 0.076 0.094 0.077 0.029 0.111 0.162 0.097]            |
| IGLB     | 0.0464035 | 0.00308008 | 0.204971 |    0.249336 |     0.177932  |   0.677366 | [0.023 0.042 0.016 0.051 0.012 0.034 0.007 0.018 0.015 0.002 0.02  0.033 |
|          |           |            |          |             |               |            |  0.023 0.018 0.024 0.038 0.011 0.019 0.013 0.014 0.029 0.022 0.021 0.003 |
|          |           |            |          |             |               |            |  0.078 0.016 0.02  0.051 0.025 0.02  0.021 0.034 0.02  0.015]            |

'lang': [ -0.228201, 0.0973732, 0.0936375, 0.164383, -0.323103,  -0.228201, 0.177932] 

compl

| Method   |       ECE |        ASCE |      MSE |   brier_ref |   skill_score |   accuracy | GASCE               |
|----------+-----------+-------------+----------+-------------+---------------+------------+---------------------|
| Uncalib  | 0.268451  | 0.0816229   | 0.306234 |    0.249336 |    -0.228201  |   0.474227 | [0.033 0.141 0.248] |
| Platt    | 0.0341729 | 0.00189022  | 0.225057 |    0.249336 |     0.0973732 |   0.617151 | [0.013 0.012 0.038] |
| HB       | 0.0247071 | 0.00115562  | 0.225989 |    0.249336 |     0.0936375 |   0.623477 | [0.01  0.011 0.04 ] |
| LR       | 0.0288308 | 0.00178036  | 0.210638 |    0.249336 |     0.155204  |   0.675726 | [0.003 0.003 0.004] |
| LOGR     | 0.329194  | 0.108973    | 0.329194 |    0.249336 |    -0.320284  |   0.670806 | [0.129 0.115 0.055] |
| IGHB     | 0.268451  | 0.0816229   | 0.306234 |    0.249336 |    -0.228201  |   0.474227 | [0.033 0.141 0.248] |
| IGLB     | 0.0224578 | 0.000837739 | 0.210328 |    0.249336 |     0.156447  |   0.67268  | [0.001 0.006 0.004] |


'compl': [ -0.228201, 0.0973732, 0.0936375, 0.155204, -0.320284, -0.228201,  0.156447] 


Callibri

CGCall

'compl': [ -0.228201, 0.0973732, 0.0936375, 0.155204, -0.320284, -0.228201,  0.156447] ,
'length': [ -0.228201, 0.0973732, 0.0936375, 0.170652, -0.281756 , -0.0381656,  0.170575] ,
'lang': [ -0.228201, 0.0973732, 0.0936375, 0.164383, -0.323103,  -0.228201, -0.0243879] ,
'compl_length': [ -0.228201, 0.0973732, 0.0936375, 0.196277 , -0.240409,  -0.0381656, 0.194855],
'compl_lang': [ -0.228201, 0.0973732, 0.0936375, 0.219642, -0.153017, -0.228201, 0.230581],
'length_lang': [ -0.228201, 0.0973732, 0.0936375, 0.226258,  -0.148318,  -0.0381656,  0.236801],
'all': [ -0.228201, 0.0973732, 0.0936375, 0.25056, -0.091936 , -0.0381656, 0.249366 ]
